18.48289  50.15428
14.73167  54.02222
16.39444  50.32994
16.76857  50.22715
16.67056  50.16139
17.01722  50.75861
17.16639  50.47222
17.08421  50.41142
17.38722  50.30222
17.43776  50.28798
17.79583  50.18250
18.62417  50.56972
18.94333  50.42944
19.95918  50.94142
19.75698  50.92140
20.18280  51.52809
18.69778  54.39972
19.43139  54.16194
18.70558  49.99171
18.98590  49.85550
20.61000  51.09833
20.82861  51.04917
19.38222  50.64056
21.05145  51.04088
21.19699  51.01836
22.60089  51.76923
16.84011  52.81634
17.49645  52.75822
18.49826  52.01028
19.62306  52.24278
20.66056  52.56167
21.09031  52.72751
22.82222  52.74583
22.56556  52.41194
23.87918  52.97253
23.75501  52.93693
23.51590  52.91640
23.89704  52.83387
23.19559  52.86223
23.84778  52.70725
14.61583  53.83862
15.80917  53.65056
15.30149  53.43221
20.38306  49.64056
20.88651  49.60018
20.43917  49.55694
20.11834  49.54472
20.85861  49.52500
20.24479  49.50999
20.12361  49.47417
20.21197  49.49501
20.20889  49.46556
20.95639  49.46500
20.27750  49.45583
20.43167  49.44556
20.31556  49.41778
20.10502  49.41274
20.09851  49.33741
20.88639  49.34972
20.11506  49.26325
20.00583  49.24417
20.04750  49.21361
21.30835  49.98723
21.81500  49.87722
21.29583  49.73530
21.48222  49.73944
21.17111  49.65528
18.64917  49.75500
18.87167  49.75417
18.99480  49.70298
18.81972  49.68333
18.86222  49.65556
18.96833  49.64528
18.90194  49.60444
18.93781  49.58482
19.89498  49.97254
19.81278  49.94253
19.96510  49.90470
19.38889  49.86722
19.69200  49.86914
19.19611  49.78944
19.44687  49.79554
19.78803  49.75945
19.68806  49.72583
19.37139  49.71833
19.41778  49.68806
19.90811  49.68360
19.40528  49.65583
19.51889  49.61167
19.51642  49.58774
19.07944  49.55912
19.29949  49.58167
19.34833  49.56861
19.01611  49.54472
19.96861  49.54417
19.10556  49.50611
19.00889  49.42583
19.88361  49.39194
19.97336  49.38410
19.82500  49.32750
19.92896  49.33221
19.93222  49.30722
19.86831  49.27694
19.85944  49.23167
20.30873  49.92039
20.58861  49.89500
20.07083  49.87778
20.22396  49.77133
20.89639  49.78639
20.07444  49.75028
20.41833  49.69361
20.21533  49.65250
18.88139  49.85528
15.82484  50.80336
15.76944  50.77889
15.91107  50.73966
15.94861  50.72583
15.95713  50.71110
16.99000  50.88222
16.54278  50.85389
16.19594  50.80326
16.24111  50.80667
16.03778  50.76750
16.42871  50.76411
16.18861  50.74528
16.65092  50.71748
16.43889  50.70250
16.07000  50.67111
16.66483  50.57713
16.20194  50.43889
16.37972  50.41000
16.51830  50.42532
16.71785  50.35970
21.42917  52.57778
21.58861  53.78917
22.94889  54.13083
17.97008  50.62760
19.80190  50.08030
19.96028  49.29389
15.27727  52.74105
18.08194  51.78192
18.66144  52.20022
16.74850  53.13107
16.83482  52.41663
14.59400  52.34854
16.74678  53.71479
18.55778  51.21111
17.53250  53.71528
16.15556  54.20444
15.78876  50.90018
16.20770  51.19243
16.53469  51.83585
15.73937  50.73629
16.89909  51.10364
19.89000  50.06389
16.77361  53.94750
16.06778  53.90556
16.81499  53.42633
17.83972  53.70417
17.31092  53.38078
18.54945  53.98303
18.09278  53.84083
18.17583  53.70583
18.70944  53.43750
18.04583  53.17361
19.83444  53.91861
19.21500  53.73944
19.82417  53.25444
21.01228  53.57610
21.35977  53.47919
21.35194  53.38583
21.80035  53.14833
22.93028  53.60972
22.40000  53.41667
22.80000  53.40000
22.45972  53.27444
22.77029  53.20472
22.67337  53.15696
22.75036  53.02980
23.39750  53.63639
23.23333  53.46667
23.34053  53.35390
23.16667  53.21694
23.02031  53.17696
18.85297  49.72043
19.99197  49.65336
20.49611  49.96500
16.10194  50.92500
16.88624  50.23196
20.92583  51.32383
21.72389  52.03722
20.04694  49.49083
21.53339  49.61163
21.86553  49.50168
22.27168  49.20888
19.74693  54.42612
22.04057  54.32056
22.27057  54.30832
22.03920  54.24667
19.98194  49.23250
20.68917  49.62722
21.76918  49.70686
22.34167  49.46639
22.77200  49.80423
19.09253  50.81241
19.03289  50.24053
20.69222  50.81028
20.98435  50.03003
21.71583  50.69667
22.02917  50.11528
23.20639  50.69779
19.86639  51.35000
21.54278  51.56472
23.52946  51.55334
19.72596  52.58828
22.24472  52.18111
14.62278  53.39528
15.41472  53.77167
18.59555  53.04197
20.36111  53.10417
20.42203  53.76917
21.53314  53.06554
23.16229  53.10724
15.58057  54.18279
16.85419  54.58834
17.72361  54.55306
18.81195  54.60361
21.36670  54.06721
19.37139  50.54944
19.38414  50.43109
19.60444  50.27758
19.26361  50.25917
20.64972  50.97861
20.94944  50.94632
20.03333  50.79307
20.90278  50.75861
20.52500  50.61333
20.03278  50.36278
20.78611  50.27750
20.23115  50.25308
20.25890  50.09384
20.70861  50.06528
21.21671  50.91864
21.83417  50.88944
21.25528  50.77111
21.07722  50.73667
21.18722  50.72444
21.18500  50.59500
21.75194  50.36662
21.93198  50.34141
21.43280  50.27944
21.74592  50.26218
21.26833  50.19167
21.49304  50.06355
22.66694  50.91778
22.86141  50.75751
22.65870  50.67443
22.30667  50.56861
22.78974  50.50663
22.75672  50.35657
22.69472  50.02139
23.03859  50.80499
23.05773  50.48725
23.15826  50.01773
24.03546  50.84008
14.97613  51.38828
15.75086  51.09030
15.06528  51.07694
15.11972  51.03611
15.89396  51.01272
16.46430  51.63185
16.05611  51.50056
16.61306  51.44833
16.91815  51.29662
16.18977  51.04799
17.55444  51.94611
17.27717  51.51108
17.07040  51.32354
17.54454  51.11890
17.71667  51.06639
18.15162  51.94417
18.96111  51.88611
18.40996  51.83535
18.68832  51.59387
18.61972  51.41861
18.14472  51.18222
19.64558  51.40250
19.59999  51.20278
19.87812  51.08027
20.16031  51.96556
20.95091  51.65726
20.23250  51.37833
20.66583  51.33889
21.96139  49.71668
21.34562  49.55861
21.48944  49.51583
21.90722  49.49003
21.42083  49.45391
21.17250  49.43806
21.68472  49.43111
21.81000  49.44000
21.00821  49.39133
21.99915  49.37860
22.40722  49.98528
22.23500  49.83528
22.48124  49.68744
22.64000  49.65472
22.18528  49.58472
22.02528  49.50778
22.54843  49.50858
22.46833  49.40000
22.28361  49.35389
22.42694  49.29722
22.57667  49.30333
22.69306  49.24778
22.63389  49.22056
22.42516  49.19638
22.68306  49.19028
22.31694  49.15361
22.47194  49.14472
22.55170  49.15775
22.79197  49.12466
22.68608  49.06424
22.58590  49.12189
14.98111  50.90000
15.30448  50.94239
15.96285  50.90596
15.97738  50.86747
16.98028  54.01556
17.42389  54.13806
17.96194  54.12833
18.33338  54.82946
18.22611  54.61278
18.55917  54.51889
18.09139  54.27389
19.83750  54.38389
19.67694  54.36028
19.52282  54.32508
19.84867  54.30056
19.66004  54.07075
20.81667  54.25000
20.04811  54.18527
20.33979  54.15889
21.76472  54.19806
15.66752  50.79917
16.88500  50.34528
20.36971  51.04139
23.72812  52.87138
20.02647  49.42527
21.68055  49.56698
22.44778  49.31472
16.61421  50.43683
22.64306  53.48278
14.24111  53.92278
21.70364  50.07803
16.09308  51.66827
18.45833  51.00611
20.96111  52.16278
21.87083  53.27891
23.62139  52.07833
19.61167  50.45917
21.05142  50.85945
23.39889  50.45806
15.43228  51.02861
18.78472  51.28361
18.94270  49.74695
19.91750  49.79667
19.31865  49.54078
20.41583  49.78528
15.44194  50.82306
16.17583  50.66250
18.36583  50.90500
20.14668  51.21532
21.53472  52.88278
20.95167  49.61861
20.96083  49.40778
22.06333  49.33917
15.44889  50.95167
21.79418  53.39056
20.42056  50.31861
21.44443  50.34807
23.04639  50.19667
19.51276  49.87664
19.77222  49.56611
15.52915  50.83439
16.74444  50.50917
18.91643  52.25133
20.89528  49.41778
21.78817  49.56717
22.14694  49.39889
15.64084  50.96402
20.58694  54.13667
18.19167  50.06167
15.52450  51.93019
22.57836  53.65054
22.39363  51.21695
20.41174  50.86545
21.44242  50.65666
23.11806  50.23361
15.51164  51.01078
18.14750  51.31111
19.18667  49.56194
19.30579  49.66193
19.07694  49.66583
19.06472  49.57000
19.14835  49.43774
19.74250  49.68167
19.88167  49.56472
19.97806  49.72111
20.26257  49.86690
19.69583  49.47194
21.69587  49.57753
22.53083  49.38028
22.62141  49.44302
18.09397  52.79999
14.48588  53.25748
15.84483  52.85297
20.03528  49.33028
20.05444  49.66361
20.59056  49.73639
19.16030  49.72418
19.78861  49.23667
17.53207  52.55742
20.01280  49.80801
16.36279  50.71077
17.59382  52.31571
20.02556  49.58972
21.04750  49.90389
22.33139  49.21250
20.28619  53.58002
19.39973  51.72328
19.25087  50.48000
21.04861  50.67167
15.68250  51.28111
19.00111  49.80806
17.53472  54.75361
14.51361  53.66306
15.29305  51.60266
15.57264  50.91629
15.33583  50.90333
18.99972  50.47222
19.12250  49.97389
15.02711  51.13490
15.06306  53.94417
19.68580  50.73751
18.16500  54.26278
18.05139  53.35444
17.14806  53.89111
16.39056  54.33472
19.34444  54.04278
16.51639  54.21639
16.43889  53.83583
16.68305  54.11863
19.23139  50.59917
19.01219  54.13388
17.03445  54.46308
18.56222  54.17722
19.27417  53.42000
18.92028  49.99639
15.69250  50.78889
15.68722  50.82583
19.16139  54.18889
19.97136  54.21742
20.20889  53.73778
23.57417  52.74333
19.74330  54.22973
18.14893  52.73578
17.10199  52.24527
15.98475  52.88168
16.18286  52.30499
16.35639  52.11386
22.14111  53.23225
23.33222  53.21083
16.63333  50.24972
18.93430  54.33360
23.52639  53.17500
20.53056  49.85972
19.10740  49.79318
16.63806  52.58444
18.97361  49.77389
18.16972  50.26278
17.58944  53.16472
19.41194  51.14889
14.58806  52.96444
20.70000  51.73333
15.34060  51.01390
16.63583  50.64417
16.55250  50.43056
22.48722  54.04750
20.95889  50.84944
20.07139  49.20111
16.37482  54.43756
19.09528  50.08500
21.97333  51.81472
20.03389  49.97250
15.54650  52.24380
19.66583  52.10417
23.55500  53.38556
15.75306  53.20889
18.87389  51.12000
18.98500  51.23722
18.20472  51.53028
17.58917  52.14222
17.87333  51.66083
19.11917  51.34083
18.26861  52.06778
15.38333  50.98694
15.08222  53.10417
17.88333  52.27194
19.43139  54.16194
23.34278  50.32972
19.69111  53.43083
16.10444  53.46000
21.96611  51.41278
16.03778  51.87250
21.08333  50.86417
19.12222  51.59722
18.89222  49.56889
19.69194  51.46250
19.00111  50.13194
20.72306  49.42500
20.99000  50.17778
19.75147  54.12968
18.90500  49.70361
18.61530  50.33880
18.80895  50.69608
19.15556  49.64861